88507
88508
88509
88510
88511
88515
88519
88530
88534
88541
88550
88551
88552
88553
88554
88555
88556
88557
88558
88562
88564
88565
88566
88568
88573
88577
88580
88584
88585
88587
88591
154591
154594
154595
154596
154600
154608
154613
154614
154615
154616
154625
154626
154627
154628
154629
154630
154631
154632
154633
154634
154635
154636
154640
154641
154644
154645
154647
154651
154652
154653
154654
154655
154656
154657
154658
154659
154660
154661
154662
154673
154675
154681
154682
154683
154684
154685
154686
154687
154688
154689
154690
154691
154692
154693
154698
154699
154704
154705
154706
154710
154711
154712
154713
154715
154716
154719
154723
154724
154725
154726
154727
154728
154729
154730
154731
154732
154733
154736
154737
154738
154739
154740
154742
154743
154744
154745
154746
154748
154750
236967
236974
154747
154749
236959
236970
154761
425602
425622
425629
425701
425723
425755
425776

