425611
425613
425615
425617
425619
425621
425624
425626
425628
425631
425633
425635
425637
425639
425641
425643
425645
425647
425650
425651
425653
425655
425657
425659
425661
425663
425665
425667
425669
425671
425673
425675
425677
425679
425681
425683
425685
425687
425689
425691
425693
425695
425697
425699
425702
425704
425706
425708
425711
425712
425714
425716
425718
425720
425722
425725
425727
425729
425731
425733
425735
425737
425739
425741
425743
425745
425747
425749
425751
425753
425756
425758
425760
425762
425764
425766
425768
425770
425772
425774
425777
425779
425781

