154753
154755
154757
154759
154762
154764
154766
154768
154770
154772
154774
154776
154778
154780
154782
154784
154786
154788
154790
154792
154794
154796
154798
154800
154829
154831
154833
154835
154837
154839
425585
425587
425589
425591
425593
425595
425597
425599
425601
425604
425606
425608
425610
425612
425614
425616
425618
425620
425623
425625
425627
425630
425632
425634
425636
425638
425640
425642
425644
425646
425649
425648
425652
425654
425656
425658
425660
425662
425664
425666
425668
425670
425672
425674
425676
425678
425680
425682
425684
425686
425688
425690
425692
425694
425696
425698
425700
425703
425705
425707
425710
425709
425713
425715
425717
425719
425721
425724
425726
425728
425730
425732
425734
425736
425738
425740
425742
425744
425746
425748
425750
425752
425754
425757
425759
425761
425763
425765
425767
425769
425771
425773
425775
425778
425780
425782

