154831
154834
154767
154770
154773
154780
154783
154778
154837
154840
154786
154789
154792
154795
154798
425585
425588
425591
425594
425597
425600
425603
425606
425609
425612
425615
425618
425621
425624
425627
425630
425633
425636
425639
425642
425645
425648
425651
425654
425657
425660
425663
425666
425669
425672
425675
425678
425681
425684
425687
425690
425693
425696
425699
425702
425705
425708
425711
425714
425717
425720
425723
425726
425729
425732
425735
425738
425741
425744
425747
425750
425753
425756
425759
425762
425765
425768
425771
425774
425777
425780
