154830
154833
154766
154769
154772
154775
154781
154777
154836
154839
154785
154788
154791
154794
154797
154800
425587
425590
425593
425596
425599
425602
425605
425608
425611
425614
425617
425620
425623
425626
425629
425632
425635
425638
425641
425644
425647
425650
425653
425656
425659
425662
425665
425668
425671
425674
425677
425680
425683
425686
425689
425692
425695
425698
425701
425704
425707
425710
425713
425716
425719
425722
425725
425728
425731
425734
425737
425740
425743
425746
425749
425752
425755
425758
425761
425764
425767
425770
425773
425776
425779
425782
