154832
154835
154768
154771
154774
154782
154776
154779
154838
154784
154787
154790
154793
154796
154799
425586
425589
425592
425595
425598
425601
425604
425607
425610
425613
425616
425619
425622
425625
425628
425631
425634
425637
425640
425643
425646
425649
425652
425655
425658
425661
425664
425667
425670
425673
425676
425679
425682
425685
425688
425691
425694
425697
425700
425703
425706
425709
425712
425715
425718
425721
425724
425727
425730
425733
425736
425739
425742
425745
425748
425751
425754
425757
425760
425763
425766
425769
425772
425775
425778
425781
