Title,Section,Type,Priority,Preconditions,Steps,Expected Result,References,,
Sales By Customer appears in the Reports navigation and opens the report,SBC — Access & Navigation,Functional,High,"1. You are signed in to the ShopView App on a desktop browser.
2. Your role has the Sales By Customer report View permission.","1. Open the Reports area from the main navigation.
2. Look through the Reports left-side navigation for the report entry.
3. Click the ""Sales By Customer"" entry.","1. ""Sales By Customer"" is listed in the Reports left-side navigation.
2. Clicking it opens the Sales By Customer report in the main content area.",specs/sbc-sales-by-customer.md Story 1 S1-R1,,
Page title and browser tab title read Sales By Customer,SBC — Access & Navigation,Functional,Medium,"1. You are signed in with the Sales By Customer report View permission.
2. You have opened the Sales By Customer report.","1. Read the page title shown at the top of the report.
2. Read the browser tab's title.","1. The page title reads ""Sales By Customer.""
2. The browser tab title reads ""Sales By Customer - Report | ShopView"".",specs/sbc-sales-by-customer.md Story 1 S1-R3; S1-R4,,
A user with the dedicated Sales By Customer View permission can see and open the report,SBC — Permissions,Functional,Critical,"1. A test user exists whose role has the dedicated Sales By Customer report View permission (create a ZZAUTOTEST custom role if needed).
2. You are signed in as that user.","1. Open the Reports area.
2. Click ""Sales By Customer"" in the left-side navigation.","1. The ""Sales By Customer"" entry is visible in the Reports navigation.
2. The report opens and shows its data.
3. Access is granted by the dedicated Sales By Customer permission itself — the report is not tied to a generic ""all reports"" permission.",specs/sbc-sales-by-customer.md Story 1 S1-R2,,
A user without the Sales By Customer View permission cannot see or open the report,SBC — Permissions,Negative,Critical,"1. A test user exists whose role does NOT have the Sales By Customer report View permission (use/create a ZZAUTOTEST role).
2. You know the report's direct page address (copy it from a permitted session first).
3. You are signed in as the unpermitted user.","1. Open the Reports area and look through the left-side navigation.
2. Paste the report's direct page address into the browser and try to open it.","1. ""Sales By Customer"" does not appear in the Reports navigation.
2. Opening the report by direct link does not show the report (the application blocks it with its standard access-denied handling).",specs/sbc-sales-by-customer.md Story 1 S1-N1,,
Opening an invoice you lack permission for shows the standard access-denied state and back returns to the report,SBC — Permissions,Negative,Medium,"1. You are signed in as a user who can view the report but lacks permission to open the underlying invoice destination.
2. The report shows at least one customer; you have expanded down to an invoice detail row.","1. Click the invoice number link on a detail row.
2. Look at the destination page.
3. Press the browser back button.","1. The destination page shows the application's standard access-denied state.
2. Pressing back returns you to the Sales By Customer report.",specs/sbc-sales-by-customer.md Story 9 S9-N2,,
Location access is enforced: the report never includes data from a location the user cannot access,SBC — Permissions,Negative,High,"1. The organization has at least two locations, each with invoices in the chosen date range (seed ZZAUTOTEST data if needed).
2. A non-administrator test user is assigned to only ONE of the locations.
3. An administrator account is also available.","1. Sign in as the administrator, open the report, and open the location filter — note the locations listed.
2. Sign in as the non-administrator, open the report, and open the location filter — note the locations listed.
3. As the non-administrator, attempt to request a location you are not assigned to (for example by editing the page link if the location is carried there, or any other means available).
4. Check the report data.","1. The administrator's filter lists every location in the organization.
2. The non-administrator's filter lists only the locations assigned to them.
3. A requested location the user does not have access to is ignored — the report does NOT widen to the whole organization.
4. The report data never includes invoices from a location the user does not have access to.",specs/sbc-sales-by-customer.md Story 4 S4-R7; S4-R8; S4-R9; S4-N1,,
Date range picker offers eleven options in the specified order,SBC — Date Range Filter,Functional,High,1. You are on the Sales By Customer report.,"1. Find the date range picker in the report toolbar.
2. Open it and read the options from top to bottom.","1. A date range picker is visible in the report toolbar.
2. It offers eleven options, in this order: Today, Yesterday, This Week, Last Week, This Month, Last Month, This Year, Last Year, This Quarter, Last Quarter, Custom.
3. There is no ""All Time"" option.",specs/sbc-sales-by-customer.md Story 2 S2-R1; S2-R2,,
Date range defaults to This Month when nothing is saved and no range is in the page link,SBC — Date Range Filter,Functional,High,"1. Your browser has no saved view for this report (first visit, or clear the browser's site data first).
2. You open the report by its plain address with no date range in the page link.","1. Open the Sales By Customer report.
2. Read the date range picker's current value.","1. The date range picker shows ""This Month.""",specs/sbc-sales-by-customer.md Story 2 S2-R5,,
Custom range opens a start/end date dialog and cannot exceed a 366-day span,SBC — Date Range Filter,Functional,Medium,1. You are on the Sales By Customer report.,"1. Open the date range picker and choose ""Custom.""
2. In the dialog that opens, pick a start and end date less than 366 days apart and apply.
3. Open ""Custom"" again and try to pick a start and end date MORE than 366 days apart.","1. Choosing ""Custom"" opens a date-picker dialog for a start and end date.
2. A range of 366 days or fewer applies normally.
3. A range wider than 366 days cannot be applied — the report prevents the selection rather than loading the wider range.",specs/sbc-sales-by-customer.md Story 2 S2-R3; S2-R4; S2-N2,,
Changing the date range writes the chosen value to the page link for sharing and bookmarking,SBC — Date Range Filter,Functional,Medium,1. You are on the Sales By Customer report.,"1. Change the date range (for example to ""Last Month"").
2. Look at the browser's address bar.
3. Copy the page link, open it in a fresh browser profile with no saved view for this report, and check the date range.","1. The chosen date range value is written into the page link.
2. Opening that link in a browser with no saved view for this report restores the sender's date range.",specs/sbc-sales-by-customer.md Story 2 S2-R6; S2-R9 (context),,
Product Type dropdown offers exactly three options with Parts & Service as the default,SBC — Product Type Filter,Functional,High,1. You are on the Sales By Customer report with no saved view (first visit or cleared browser storage).,"1. Find the ""Product Type"" dropdown in the report toolbar.
2. Read its current value before touching it.
3. Open it and read the options in order.","1. A ""Product Type"" dropdown is visible in the report toolbar.
2. The default selection on first load is ""Parts & Service.""
3. It offers exactly three options, in this order: ""Parts & Service,"" ""Parts only,"" ""Service only.""",specs/sbc-sales-by-customer.md Story 3 S3-R1; S3-R2; S3-R3,,
Service only shows only invoices starting with S; Parts only shows only invoices starting with P,SBC — Product Type Filter,Functional,High,"1. You are on the Sales By Customer report.
2. The date range contains at least one service invoice (number starting with S) and one parts invoice (number starting with P) — seed ZZAUTOTEST data if needed.","1. Set Product Type to ""Service only,"" expand a customer down to invoice rows, and read the invoice numbers.
2. Set Product Type to ""Parts only"" and read the invoice numbers again.","1. Under ""Service only,"" every invoice shown has a number starting with S; parts invoices are gone and all counts/totals reflect only S invoices.
2. Under ""Parts only,"" every invoice shown has a number starting with P; service invoices are gone and all counts/totals reflect only P invoices.
3. The whole invoice is classified by its number prefix — there is no per-line-item split.",specs/sbc-sales-by-customer.md Story 3 S3-R5; S3-R6,,
Parts & Service applies no product-type filter,SBC — Product Type Filter,Functional,Medium,1. You are on the Sales By Customer report with both S and P invoices in the date range.,"1. Set Product Type to ""Parts only"" and note the visible customers/totals.
2. Set Product Type back to ""Parts & Service.""","1. With ""Parts & Service"" selected, no product-type filter is applied — both S and P invoices are included again and counts/totals cover both.",specs/sbc-sales-by-customer.md Story 3 S3-R4,,
"Location filter is the rightmost filter, lists accessible locations, and pins All locations to the top",SBC — Location Filter,Functional,High,1. You are on the Sales By Customer report as a user with access to two or more locations.,"1. Look at the report toolbar's filters from left to right.
2. Open the location filter and read its options.
3. Click the ""All locations"" option, then click it again.","1. The location filter is the rightmost filter in the toolbar.
2. It lists the locations the signed-in user has access to.
3. An ""All locations"" option is pinned to the top.
4. Activating ""All locations"" selects every listed location at once; activating it again clears them all at once.",specs/sbc-sales-by-customer.md Story 4 S4-R1; S4-R2; S4-R3,,
Location filter defaults to the user's active location on first load,SBC — Location Filter,Functional,High,"1. Your browser has no saved view for this report.
2. You are working in a known active location (check the application's location switcher).","1. Open the Sales By Customer report.
2. Read the location filter's current selection.",1. The filter defaults to the single location you are currently working in (your active location) — not all locations.,specs/sbc-sales-by-customer.md Story 4 S4-R4,,
Selecting locations scopes the report data; All locations includes every accessible location,SBC — Location Filter,Functional,High,"1. At least two accessible locations each have invoices in the chosen date range (seed ZZAUTOTEST data if needed).
2. You are on the Sales By Customer report.","1. Select only location A in the location filter and note the customers/totals.
2. Select locations A and B together and note the change.
3. Select ""All locations.""","1. With one or more locations selected, the report includes only data from those locations.
2. Adding a second location adds that location's invoices to the rows and totals.
3. With ""All locations,"" the report includes data from every location the user has access to.",specs/sbc-sales-by-customer.md Story 4 S4-R5; S4-R6,,
"Customer filter sits between Product Type and Location, carries a search icon, and shows the Search customers… hint",SBC — Customer Filter,Functional,High,1. You are on the Sales By Customer report with at least one customer in the current results.,"1. Look at the toolbar filters from left to right.
2. Open the Customer filter without typing anything.
3. Read what the dropdown shows before any query is typed.","1. A Customer filter labeled ""Customer"" sits between the Product Type filter and the Location filter.
2. The control carries a search (magnifier) icon marking it as searchable.
3. Before typing, the dropdown shows the pinned all/clear control at the top and a ""Search customers…"" hint; individual customers are revealed by typing.
4. The hint yields to the typed query while you are searching.",specs/sbc-sales-by-customer.md Story 18 S18-R1; S18-R2,,
"Typing in the Customer filter lists matching customers by contains match, with checkmarks on selected ones",SBC — Customer Filter,Functional,High,"1. You are on the Sales By Customer report.
2. At least two customers with distinct names have invoices in the current date range/Product Type/location (seed ZZAUTOTEST customers if needed).","1. Open the Customer filter and type a fragment from the MIDDLE of a customer's name, in different letter case (for example type ""corp"" for ""Acme Corp"").
2. Read the list of customers shown.
3. Click one listed customer to select it and look at its row in the dropdown.","1. As you type, customers whose names contain the typed text appear in the list — matching is case-insensitive and matches anywhere in the name (a ""contains"" match, not starts-with).
2. The list is scoped to the active date range, Product Type, and location.
3. A selected customer is shown with a checkmark.",specs/sbc-sales-by-customer.md Story 18 S18-R2,,
Pinned control toggles between All customers and Clear all with the matching action,SBC — Customer Filter,Functional,High,1. You are on the Sales By Customer report with several customers in the current results.,"1. Open the Customer filter while it is in the all-customers state and read the pinned control at the top of the dropdown.
2. Activate it.
3. Read the pinned control again and activate it once more.","1. In the all-customers state the pinned control reads ""Clear all""; activating it clears the selection to an empty set.
2. When the filter is NOT in the all-customers state the pinned control reads ""All customers""; activating it puts the filter back in the all-customers state.
3. The control is pinned to the top of the dropdown in both states.",specs/sbc-sales-by-customer.md Story 18 S18-R3,,
First load starts in the all-customers state and the report shows every customer,SBC — Customer Filter,Functional,High,"1. Your browser has no saved view for this report.
2. Several customers have invoices in the default date range.","1. Open the Sales By Customer report.
2. Read the Customer filter's collapsed label.
3. Check the customer rows shown.","1. The Customer filter's collapsed label reads ""All customers.""
2. The report shows every customer matching the other active filters.
3. The all-customers state is an explicit state — while it is active, any customer that appears later (new data) is included automatically.",specs/sbc-sales-by-customer.md Story 18 S18-R4; S18-R5,,
"Collapsed label reads None, the customer's name, or N selected, and shows the query text while typing",SBC — Customer Filter,Functional,Medium,1. You are on the Sales By Customer report with at least three customers in the current results.,"1. Open the Customer filter and use ""Clear all"" to empty the selection; read the collapsed label.
2. Select exactly one customer; read the collapsed label.
3. Select a second and third customer; read the collapsed label.
4. Start typing a search query in the filter field and watch the field text, then clear the query or click away.","1. With an empty selection the collapsed label reads ""None.""
2. With exactly one customer selected the label shows that customer's name.
3. With more than one selected the label reads ""N selected"" where N is the number of selected customers (for example ""3 selected"").
4. While typing, the field shows the query text instead of the summary label; the summary label returns when the query is cleared or the field loses focus.",specs/sbc-sales-by-customer.md Story 18 S18-R5,,
Changing the customer selection narrows the table to the selected customers and refreshes the totals,SBC — Customer Filter,Functional,Critical,1. You are on the Sales By Customer report with at least three customers in the current results.,"1. Note the customers and the totals row values.
2. Open the Customer filter, clear all, and select exactly two customers.
3. Read the table rows and the totals row.","1. The report shows only the two selected customers.
2. The table refreshes as a fresh first page of results.
3. The totals row updates to cover only the selected customers' matching invoices.",specs/sbc-sales-by-customer.md Story 18 S18-R5; S18-R11,,
Clearing every customer shows the empty state with a zero totals row,SBC — Customer Filter,Negative,Medium,1. You are on the Sales By Customer report with data on screen.,"1. Open the Customer filter and activate ""Clear all"" so no customer is selected.
2. Read the table body and the totals row.","1. The report shows the empty-state message ""No sales data found for the selected filters.""
2. The totals row shows zeros.
3. The Customer filter's collapsed label reads ""None.""",specs/sbc-sales-by-customer.md Story 18 S18-N1; S17-E1,,
"In the all-customers state a filter change keeps every customer included, including newly-appearing ones",SBC — Customer Filter,Functional,Medium,"1. You are on the report in the all-customers state.
2. A customer exists that has invoices ONLY in a wider date range than the current one (seed a ZZAUTOTEST invoice dated last month if needed).","1. With the current (narrow) date range, confirm that customer is not shown.
2. Widen the date range so that customer's invoice now matches.
3. Check the table and the Customer filter label.","1. The filter stays in the all-customers state (label still ""All customers"").
2. Every customer matching the new filters is included — including the newly-present customer, without any manual re-selection.",specs/sbc-sales-by-customer.md Story 18 S18-R4; S18-R9; S18-E1,,
"A subset selection reconciles on a filter change: kept if present, dropped if absent, new customers not auto-added",SBC — Customer Filter,Functional,Medium,"1. You are on the report with three customers A, B, C where: A has invoices in both this month and last month; B has invoices only in this month; C has invoices only in last month (seed ZZAUTOTEST data as needed).
2. Date range is This Month; you have selected exactly customers A and B in the Customer filter.","1. Change the date range to Last Month.
2. Read the table rows and the Customer filter selection.","1. Customer A (still present in the new results) stays selected and is shown.
2. Customer B (no longer present) is dropped from the selection and not shown; it must be re-selected to appear if it later returns.
3. Customer C (newly present) is NOT auto-selected and is not shown.
4. The Customer filter selection itself is not cleared by the date change.",specs/sbc-sales-by-customer.md Story 18 S18-R9; S18-E1,,
Each customer gets one summary row with its name followed by the invoice count in parentheses,SBC — Tree & Rows,Functional,Critical,"1. You are on the Sales By Customer report.
2. A customer has a known number of matching invoices in the current date range (seed ZZAUTOTEST data so the count is predictable).","1. Find that customer's row at the top level of the table.
2. Read the text at the start of the row.
3. Narrow the date range so fewer of that customer's invoices match, and re-read the count.","1. The customer occupies exactly one summary row at the top level of the table.
2. The customer's name is shown at the start of the row, followed by the number of contributing invoices in parentheses — for example, Acme Corp (5).
3. The count is rendered in color #616161 at font-weight 600, the same font size as the name.
4. The count reflects the active date range, Product Type, and location — it drops when the range is narrowed; it is not a lifetime count.",specs/sbc-sales-by-customer.md Story 7 S7-R1; S7-R2; S7-R3; S7-R4; S7-R5,,
A customer with no matching invoices in the current view is not shown,SBC — Tree & Rows,Negative,High,"1. A customer exists whose invoices all fall OUTSIDE the current date range (seed if needed).
2. You are on the Sales By Customer report.","1. Set a date range that contains none of that customer's invoices.
2. Look for the customer in the table.",1. The customer is not shown — there are no zero-value placeholder rows.,specs/sbc-sales-by-customer.md Story 7 S7-N1,,
"Expanding a customer reveals its asset rows with vehicle icon, label, count, rolled-up columns and indentation",SBC — Tree & Rows,Functional,Critical,1. A customer in the current view has invoices on at least two different vehicles (seed ZZAUTOTEST work orders on two assets if needed).,"1. Click the chevron control on that customer's summary row.
2. Read the rows that appear beneath the summary row.","1. The customer's asset rows appear beneath the summary row — one row per vehicle the customer's invoices were done on.
2. Each asset row shows a vehicle icon, the asset label, and the asset's invoice count in parentheses.
3. Each asset row shows the same financial columns as the customer row, rolled up for that asset.
4. The Date cell is blank on asset rows.
5. Asset rows are indented one level under the customer.",specs/sbc-sales-by-customer.md Story 8 S8-R1; S8-R2; S8-R5; S8-R5a; S8-R5b; S8-R5c,,
"Expanding an asset reveals its invoice detail rows with number link, date and per-invoice columns",SBC — Tree & Rows,Functional,Critical,1. You have expanded a customer and can see its asset rows.,"1. Click the chevron on an asset row.
2. Read the invoice detail rows that appear.","1. The invoice detail rows for that asset appear, indented one level deeper than the asset row.
2. Each detail row shows the invoice number (as a link), the invoice date, and the per-invoice Inv. Hrs, Labor Invoiced, Labor Margin, Parts Invoiced, Parts Margin, Shop Supplies, Margin, Margin %, and Subtotal.
3. The invoice date shows in the format ""Mon DD YYYY"" — for example, May 14 2026.",specs/sbc-sales-by-customer.md Story 8 S8-R4; S8-R12; S8-R12a; Story 20 S20-R14,,
"Invoices group into one asset row per vehicle record, with a snapshot fallback for older invoices with no vehicle id",SBC — Tree & Rows,Functional,Medium,1. A customer has two or more invoices on the SAME vehicle record and at least one invoice on a different vehicle (seed ZZAUTOTEST data).,"1. Expand the customer.
2. Count the asset rows and compare each asset's invoice count with the invoices you created.
3. If the environment has an older invoice with no vehicle record linked (only a stored vehicle snapshot), check which asset row it lands under.","1. Invoices referencing the same vehicle record (same vehicle id) group into ONE asset row — no duplicate rows for the same vehicle.
2. An older invoice with no vehicle id on file groups by the invoice's own stored vehicle snapshot instead.",specs/sbc-sales-by-customer.md Story 8 S8-R3,,
"Asset rows order A to Z case-insensitively with the Parts Sales bucket always last, regardless of column sort",SBC — Tree & Rows,Functional,High,1. A customer has invoices on at least two vehicles AND at least one no-vehicle invoice (counter/parts sale) in the current view (seed ZZAUTOTEST data).,"1. Expand the customer and read the asset rows top to bottom.
2. Click a financial column header to change the table sort, and re-read the asset rows.","1. The customer's real asset rows are ordered A→Z by their label, case-insensitive.
2. The no-vehicle work collects under a single row labeled ""Parts Sales,"" always sorted last among that customer's assets.
3. Changing the column sort does not change the asset order — assets stay A→Z with ""Parts Sales"" last.",specs/sbc-sales-by-customer.md Story 8 S8-R6; S8-R6a; Story 10 S10-R6,,
Chevrons toggle closed on a second click and every customer's and asset's expansion is independent,SBC — Tree & Rows,Functional,Medium,1. At least two customers with assets are in the current view.,"1. Expand customer A, then expand one of its assets.
2. Expand customer B.
3. Click customer A's chevron again.
4. Check customer B.","1. Each chevron toggles back to collapsed on a second activation.
2. Collapsing customer A does not affect customer B's expansion.
3. Each asset's expansion state is likewise independent.",specs/sbc-sales-by-customer.md Story 8 S8-R15,,
"Header-row chevron expands or collapses every customer on the current page, with matching icon and tooltip",SBC — Tree & Rows,Functional,Medium,1. Several customers are visible on the current page.,"1. Hover the chevron in the table header row and read the tooltip.
2. Click it and watch the customer rows.
3. Hover it again and read the tooltip, then click it again.","1. With at least one visible customer collapsed, the header chevron shows the ""expand"" icon and its tooltip reads ""Expand all.""
2. Clicking it expands every customer on the current page in one action — it acts on the currently visible customers only, not the whole result set.
3. With all visible customers expanded, the icon switches to ""collapse"" and the tooltip reads ""Collapse all""; clicking collapses them all.",specs/sbc-sales-by-customer.md Story 8 S8-R16; S8-R17; S8-R18; S8-R19,,
"Any change that reloads customer rows collapses all expansion, but typing in the Customer filter does not",SBC — Tree & Rows,Functional,Medium,1. You are on the report with at least one customer expanded down to invoice rows.,"1. With rows expanded, open the Customer filter and TYPE a search query (do not change the selection); watch the expanded rows.
2. Now change the date range (or Product Type, location, Customer selection, or sort).
3. Look at the previously expanded rows.","1. Typing in the Customer filter's type-ahead only narrows the dropdown list — the expanded table rows stay expanded.
2. A change that re-fetches customer rows (date range, Product Type, location, Customer selection, or sort) collapses all expanded rows.",specs/sbc-sales-by-customer.md Story 8 S8-R20; S8-R21,,
"Edge: a single-invoice asset can still be expanded, and a customer with only no-vehicle work shows a single Parts Sales row",SBC — Tree & Rows,Functional,Medium,1. Customer A has an asset with exactly one invoice; customer B has ONLY no-vehicle (counter/parts sale) invoices in the current view (seed ZZAUTOTEST data).,"1. Expand customer A and click the chevron of the single-invoice asset.
2. Expand customer B and read its asset rows.","1. The single-invoice asset expands and shows exactly one invoice detail row.
2. Customer B shows a single ""Parts Sales"" row and no vehicle rows.",specs/sbc-sales-by-customer.md Story 8 S8-E1; S8-E2,,
"A service (S) invoice with no vehicle also lands in the Parts Sales bucket — absence of a vehicle decides, not the prefix",SBC — Tree & Rows,Functional,Medium,"1. A customer has an invoice whose number starts with S but whose work order has NO vehicle (seed a ZZAUTOTEST no-vehicle service work order and invoice it, if the app allows).","1. Expand that customer.
2. Find which asset row the S invoice sits under.","1. The no-vehicle S invoice appears under that customer's ""Parts Sales"" row — the bucket collects work by the ABSENCE of a vehicle, not by the invoice-number prefix.",specs/sbc-sales-by-customer.md Story 8 S8-E3,,
"Reversed and voided invoices are excluded from every row, count and total under every Product Type",SBC — Tree & Rows,Negative,Critical,"1. A customer has a known set of invoices in the current range, one of which you then reverse (or void) — seed ZZAUTOTEST data and note the totals before and after.","1. Note the customer's invoice count ""(N)"" and totals with all invoices normal.
2. Reverse (or void) one of the invoices in the application.
3. Re-open/refresh the report under ""Parts & Service"" and re-read the count, rows, and totals.
4. Expand down to invoice rows and look for the reversed invoice.","1. The reversed/voided invoice never appears as an invoice row.
2. It is excluded from the customer's ""(N)"" count and from every row total, regardless of the Product Type filter.
3. The customer/asset totals drop by exactly that invoice's amounts.",specs/sbc-sales-by-customer.md Story 7 S7-R7; S7-N2; §3 Key Decisions,,
"Every row type renders the same columns in the same order, blank cells keep their position, and summary rows use the specified font weights",SBC — Tree & Rows,Functional,Medium,1. You are on the report with a customer expanded down to invoice rows and the totals row visible.,"1. Compare the columns of a customer row, an asset row, an invoice row, and the totals row left to right.
2. Look at the Date cell on the customer and asset rows.
3. Inspect the font weights on a customer summary row (dev tools).","1. Every row type — customer, asset, invoice, totals — renders the same columns in the same left-to-right order.
2. A cell with no value for its row (for example the Date cell on a customer or asset row) is left blank and keeps its column position; no value moves into another column.
3. The Date cell on the customer summary row is blank.
4. Every cell on a customer summary row uses font-weight 600, except the Subtotal cell which uses font-weight 700.",specs/sbc-sales-by-customer.md Story 7 S7-R8; S7-R9; S7-R10; S7-R15; S7-R16,,
"Asset label = year make model plus the most specific identifier: Unit, then plate, then last 8 of VIN",SBC — Asset Labels,Functional,High,"1. One customer has four ZZAUTOTEST assets with invoices in range: (a) one with a unit number, (b) one with a plate but no unit, (c) one with only a VIN of 8+ characters, (d) one with only a VIN shorter than 8 characters.",1. Expand the customer and read each asset row's label.,"1. Every label starts with the vehicle's year, make, and model.
2. Asset (a) adds "" · Unit {unit}"".
3. Asset (b) adds "" · {plate}"".
4. Asset (c) adds "" · VIN …"" followed by the last 8 characters of the VIN.
5. Asset (d) shows the whole VIN after "" · VIN …"" (shorter than 8).
6. An asset with none of unit/plate/VIN gets no suffix at all.",specs/sbc-sales-by-customer.md Story 8 S8-R7; S8-R8,,
"An asset with no year, make or model is labeled with the VIN on its own",SBC — Asset Labels,Functional,Medium,"1. A ZZAUTOTEST asset exists with a VIN but no year, make, or model, and has an invoice in range.",1. Expand the owning customer and read that asset row's label.,"1. The label is the VIN on its own (no year/make/model base, no ""VIN …"" suffix form).",specs/sbc-sales-by-customer.md Story 8 S8-R9,,
"An asset with no year, make, model or VIN is labeled Unknown Asset",SBC — Asset Labels,Functional,Medium,"1. A ZZAUTOTEST asset exists with no year, make, model, or VIN, and has an invoice in range (if the app's asset form forces a value, blank the fields as far as it allows).",1. Expand the owning customer and read that asset row's label.,"1. The label reads ""Unknown Asset.""",specs/sbc-sales-by-customer.md Story 8 S8-R10,,
Two assets producing the same label get stable (#1)/(#2) suffixes that survive reloads,SBC — Asset Labels,Functional,Medium,"1. One customer has TWO ZZAUTOTEST assets whose labels come out identical (same year/make/model and same identifier situation), each with an invoice in range.","1. Expand the customer and read the two asset labels.
2. Note which asset carries "" (#1)"" and which "" (#2)"".
3. Reload the page and expand again.","1. The duplicate labels are suffixed "" (#1)"" and "" (#2)"" (and so on for more duplicates).
2. The numbering is fixed and repeatable — after a reload the same vehicle keeps the same number.",specs/sbc-sales-by-customer.md Story 8 S8-R11,,
"Invoice number opens in the same tab: S invoices to the work order Finance tab, P invoices to the part sale Part Requests tab",SBC — Invoice Links & Navigation,Functional,High,1. You have expanded an asset and can see at least one S invoice and (under another customer/asset if needed) one P invoice.,"1. Click a service (S) invoice number link and note where it opens.
2. Go back, then click a parts (P) invoice number link and note where it opens.","1. Each invoice number on a detail row is a clickable link that opens in the SAME browser tab (no new tab).
2. A service invoice opens the associated work order's Finance tab.
3. A parts invoice opens the associated part sale's Part Requests tab.",specs/sbc-sales-by-customer.md Story 9 S9-R1; S9-R2; S9-R2a; S9-R2b,,
"Browser back from an invoice returns to the report with filters, sort and columns restored and rows collapsed",SBC — Invoice Links & Navigation,Functional,High,"1. You are on the report with non-default filters set (for example Last Month + Service only), a non-default sort, and one column hidden.
2. You have expanded down to an invoice detail row.","1. Watch the browser address bar, then click an invoice number link.
2. From the invoice page, press the browser back button.
3. Check the report's filters, sort, visible columns, and row expansion.","1. Before navigating, the active date range and Product Type are written to the page link.
2. Pressing back returns to the report with its filters, sort, and columns restored exactly as set.
3. Expanded rows are shown collapsed again — expansion is not restored (this is the specified behavior, not a defect).",specs/sbc-sales-by-customer.md Story 9 S9-R3; S9-R4,,
Customer name is plain text; the invoice link keeps the primary color with no underline and never turns visited-purple,SBC — Invoice Links & Navigation,Functional,Medium,1. You have expanded down to invoice detail rows and have already clicked at least one invoice link earlier in the session.,"1. Try clicking the customer NAME on a summary row.
2. Look at an invoice number link at rest, on hover, and one you have already visited.","1. The customer name on the summary row is plain text, not a link.
2. The invoice number link is shown in the application's primary color at rest, on hover, and after it has been clicked.
3. The link has no underline at rest, on hover, or after it has been clicked.
4. The link never recolors to the browser's visited-link (purple) color.",specs/sbc-sales-by-customer.md Story 9 S9-R5; S9-R6; S9-R7; S9-R8,,
Clicking an invoice deleted or reversed after the report loaded shows the standard not-found state and back returns,SBC — Invoice Links & Navigation,Negative,Medium,"1. The report is open with an invoice detail row visible.
2. In another tab/session, that invoice is deleted or reversed AFTER the report loaded (do not refresh the report).","1. Back in the report (unrefreshed), click that invoice's number link.
2. Read the destination page, then press the browser back button.","1. The destination page shows the application's standard ""not found"" state.
2. Pressing back returns you to the report.",specs/sbc-sales-by-customer.md Story 9 S9-N1,,
Every column is sortable except the chevron column; text sorts alphabetically and numbers by value,SBC — Sorting,Functional,High,1. Several customers with differing values are in the current view.,"1. Click each column header in turn (Customer, Date, Inv. Hrs, Labor Invoiced, Labor Margin, Parts Invoiced, Parts Margin, Shop Supplies, Margin, Margin %, Subtotal) and watch the order change.
2. Try clicking the chevron column's header position.
3. Compare a text sort (Customer) and a numeric sort (Subtotal) against the values.","1. Every column is sortable except the chevron column.
2. Text columns sort alphabetically; numeric columns sort by value (not as text).",specs/sbc-sales-by-customer.md Story 10 S10-R1; S10-R2,,
Default sort is Customer name ascending case-insensitive; clicking a header replaces it,SBC — Sorting,Functional,High,"1. No saved view exists (first visit or cleared storage).
2. Customer names with mixed upper/lower-case first letters exist in the view (seed ZZAUTOTEST names like ""acme test"" and ""Best Test"").","1. Open the report and read the customer order.
2. Click the Subtotal header and read the order again.","1. On first load, rows are ordered by Customer name, ascending, case-insensitive (a lower-case ""acme"" sorts by letter, not after all capitals).
2. Clicking a column header replaces the default with that column's sort.",specs/sbc-sales-by-customer.md Story 10 S10-R4; S10-R7,,
Missing values sort to the bottom ascending and to the top descending; a Margin % em dash counts as missing,SBC — Sorting,Functional,Medium,1. At least one customer row shows an em dash (—) in Margin % (Subtotal zero or below — seed a zero-subtotal case if possible) alongside rows with real Margin % values.,"1. Sort by Margin % ascending and note where the em-dash row lands.
2. Sort by Margin % descending and note it again.","1. Ascending: the em-dash (missing) row sorts to the bottom.
2. Descending: the em-dash row sorts to the top.",specs/sbc-sales-by-customer.md Story 10 S10-R3,,
Sorting by Date orders customers by their most recent invoice date even though the Date cell is blank on customer rows,SBC — Sorting,Functional,Medium,1. Two customers exist whose most recent invoice dates differ clearly (seed ZZAUTOTEST invoices on different dates).,"1. Click the Date column header.
2. Compare the customer order with each customer's most recent invoice date (expand to check the invoice dates).","1. Customer rows order by each customer's most recent invoice date in the current view.
2. The Date cells on customer rows stay blank — the sort still works.",specs/sbc-sales-by-customer.md Story 10 S10-R5,,
Sorting reorders only the customer summary rows; asset and invoice ordering is untouched,SBC — Sorting,Functional,Medium,1. A customer with multiple assets and invoices is in the view.,"1. Sort by Subtotal descending.
2. Expand a customer and an asset; read the asset order and the invoice order.","1. Only the customer summary rows are reordered by the sort.
2. Asset rows keep their own order (A→Z with ""Parts Sales"" last) and invoice rows keep their order under their asset.",specs/sbc-sales-by-customer.md Story 10 S10-R6,,
"Changing the sort shows the loading state, collapses expanded rows, and can change which customers are on the page",SBC — Sorting,Functional,Medium,"1. Enough customers exist to fill more than one page of results (seed ZZAUTOTEST customers if needed).
2. At least one customer is expanded.","1. Click a column header to change the sort and watch the table.
2. When the new order arrives, check the previously expanded rows and the set of customers on the page.","1. While the re-fetch is in flight the table shows the standard loading state; it clears when the re-ordered page arrives.
2. All previously expanded customer rows are collapsed (assets/invoices re-fetch lazily on the next expand).
3. The page shows the first page of the newly ordered full set — the customers on the page can change.",specs/sbc-sales-by-customer.md Story 10 S10-R8a; S10-R8b; S10-R8c,,
With no customer rows the sort headers are still present and produce no visible change,SBC — Sorting,Negative,Low,1. The current filters produce no matching customers (the empty state is showing).,1. Click several column headers.,"1. The sort controls on the headers are still present.
2. Clicking them produces no visible change (the empty state remains).",specs/sbc-sales-by-customer.md Story 10 S10-N1,,
Financial columns appear in the specified order and Subtotal/Margin follow the spec's composition rules,SBC — Totals & Calculations,Functional,Critical,"1. A ZZAUTOTEST invoice exists with known labor, parts, and shop-supply amounts and known costs, in the current range.","1. Read the column headers left to right.
2. Expand down to that invoice's detail row and read its values.
3. Recalculate Subtotal and Margin by hand from the known amounts.","1. The financial columns appear in this order: Inv. Hrs, Labor Invoiced, Labor Margin, Parts Invoiced, Parts Margin, Shop Supplies, Margin, Margin % — with Subtotal as the rightmost column.
2. Subtotal = Labor Invoiced + Parts Invoiced + Shop Supplies, before tax.
3. Labor Margin = Labor Invoiced minus labor cost; Parts Margin = Parts Invoiced minus parts cost.
4. Margin = Labor Margin + Parts Margin — it does NOT include any Shop Supplies amount (shop supplies add to Subtotal but add no profit to Margin).",specs/sbc-sales-by-customer.md §2; §4 Terminology; Story 7 S7-R6; Story 11 S11-R1,,
"Margin % = Margin over Subtotal to one decimal with a percent sign, em dash when Subtotal is zero or below, monochrome on all row types",SBC — Totals & Calculations,Functional,High,"1. Rows with a normal positive Subtotal exist, and (if seedable) one row whose Subtotal is zero or below.","1. Read Margin % on a customer row, an asset row, and an invoice row; recalculate one by hand (Margin ÷ Subtotal × 100).
2. Find (or seed) a row with Subtotal ≤ 0 and read its Margin % cell.
3. Look at the Margin % coloring.","1. Margin % shows the row's Margin divided by its Subtotal, times 100, to one decimal with a percent sign — for example, 64.7%.
2. When the row's Subtotal is zero or below, the Margin % cell shows an em dash (—).
3. Margin % is monochrome — no green or red coloring.
4. The same calculation and format apply to customer rows, asset rows, and invoice rows.",specs/sbc-sales-by-customer.md Story 7 S7-R11; S7-R12; S7-R13; S7-R14,,
Inv. Hrs heading is verbatim and the value shows +green / -red / 0.0 default on every row type,SBC — Totals & Calculations,Functional,High,"1. Invoices exist where billed hours exceed worked hours, where worked exceeds billed, and where they are equal (seed ZZAUTOTEST work orders with clocked time).","1. Read the column heading.
2. Read the Inv. Hrs value on rows for each of the three seeded situations, at customer, asset, and invoice level.","1. The column heading reads ""Inv. Hrs"" (including the period after ""Inv"").
2. The value is hours invoiced minus hours worked, rounded to one decimal.
3. A positive value shows a leading + sign in the application's standard positive (green) color — for example, +1.5.
4. A negative value shows a leading - sign in the standard negative (red) color — for example, -1.5.
5. A zero/break-even value shows 0.0 in the default text color.
6. The same calculation, label, format, and coloring apply on customer, asset, and invoice rows.",specs/sbc-sales-by-customer.md Story 12 S12-R1; S12-R2; S12-R3; S12-R4; S12-R5; S12-R6,,
Inv. Hrs is never blank: no-labor rows show 0.0 and values that round to zero show 0.0 in the default color,SBC — Totals & Calculations,Negative,Medium,1. A parts-only invoice (no labor at all) exists in range; if possible also an invoice whose delta rounds to zero (for example +0.04).,"1. Read the Inv. Hrs cell on the parts-only invoice's rows (invoice, asset, customer).
2. If seeded, read the near-zero row's Inv. Hrs.","1. A customer, asset, or invoice with no labor shows 0.0 in the default color — never blank, ""N/A,"" an em dash, or omitted.
2. A value that rounds to 0.0 (for example +0.04) is shown as 0.0 in the default text color (not +0.0 in green).
3. A negative value shows a minus sign and one decimal — for example, -0.5.",specs/sbc-sales-by-customer.md Story 12 S12-N1; S12-E1; S12-E2,,
Invoice subtotals sum exactly to their asset row and asset subtotals sum exactly to the customer row,SBC — Totals & Calculations,Functional,Critical,"1. A customer with two or more assets, each with two or more invoices, is in the current view (seed ZZAUTOTEST data).","1. Expand the customer and every asset.
2. Sum the invoice-level values by hand for each column and compare with each asset row.
3. Sum the asset rows and compare with the customer row.","1. An asset's invoice subtotals sum exactly to that asset's row total.
2. A customer's asset subtotals sum exactly to the customer's row total.
3. This holds for every financial column, not only Subtotal.",specs/sbc-sales-by-customer.md Story 8 S8-R13,,
"Subtotal is the rightmost column, pinned during horizontal scroll and bold everywhere, unconditionally",SBC — Totals & Calculations,Functional,High,"1. You are on the report with data, on a window narrow enough to force horizontal scrolling (or with all columns visible).","1. Confirm the Subtotal column is the last column on the right.
2. Scroll the table sideways and watch the Subtotal column.
3. Inspect the font weight of the Subtotal header, a customer row, an asset row, an invoice row, and the totals row.","1. Subtotal is the rightmost column in the table.
2. It stays visible pinned at the right edge while the table scrolls horizontally.
3. Subtotal values are rendered at font-weight 700 on the header, every customer/asset/invoice row, and the totals row.
4. This holds regardless of permission, data, filters, or sort — the Subtotal column is always present, pinned, and bold.",specs/sbc-sales-by-customer.md Story 11 S11-R1; S11-R2; S11-R3; S11-N1,,
"The totals row covers the full filtered set of customers, not only the customers on the current page",SBC — Totals & Calculations,Functional,High,"1. Enough customers exist to span more than one page of results, with known amounts (seed ZZAUTOTEST data).","1. Read the totals row on page 1.
2. Move to page 2 and read the totals row again.
3. Compare the totals against the sum over ALL matching customers (not just one page).","1. The totals row is computed over the full set of customers matching the active filters (date range, Product Type, location, Customer filter).
2. The totals do not change when you move between pages — they never reflect only the visible page.",specs/sbc-sales-by-customer.md Story 18 S18-R6,,
"Column selector is a separate toolbar button with the Column Selection tooltip and nine toggles in order, all on by default",SBC — Column Selector,Functional,High,1. You are on the report with no saved column selection (first visit or cleared storage).,"1. Find the column selector button in the toolbar's action area, next to the overflow menu.
2. Hover it and read the tooltip.
3. Click it and read the toggle list top to bottom.","1. The column selector is a separate control next to the overflow menu — it is not an item inside the overflow menu.
2. Hovering it shows the tooltip ""Column Selection.""
3. The panel lists nine toggles, in order: Date, Inv. Hrs, Labor Invoiced, Labor Margin, Parts Invoiced, Parts Margin, Shop Supplies, Margin, Margin %.
4. With no saved selection, all nine toggleable columns default to visible.",specs/sbc-sales-by-customer.md Story 13 S13-R1; S13-R2; S13-R3; S13-R4; S13-R7,,
"A toggle hides the column's header and cells together; Customer, Subtotal and the chevron column are never in the list",SBC — Column Selector,Functional,High,1. You are on the report with data and the column selector open.,"1. Turn the ""Shop Supplies"" toggle off, then on again, watching the table.
2. Read the toggle list for Customer, Subtotal, or a chevron entry.","1. Turning a toggle off hides that column's header and all its body cells together; turning it on restores both together.
2. The Customer and Subtotal columns and the chevron control column do NOT appear in the toggle list and are always present.",specs/sbc-sales-by-customer.md Story 13 S13-R5; S13-R6,,
"Hiding all nine toggleable columns is allowed and the table still shows Customer, Subtotal and the totals Subtotal",SBC — Column Selector,Negative,Medium,1. You are on the report with data.,"1. Open the column selector and turn all nine toggles off.
2. Read the table.","1. All nine columns can be hidden — nothing blocks the last toggle.
2. The table still renders the Customer and Subtotal columns.
3. The totals row still shows its Subtotal.",specs/sbc-sales-by-customer.md Story 13 S13-N1,,
"The overflow menu holds Download (CSV), Download (PDF) and Print in that order, with no separate export buttons",SBC — Exports,Functional,High,1. You are on the Sales By Customer report.,"1. Find the overflow menu in the toolbar's action area and note its position.
2. Open it and read the items in order.
3. Look around the toolbar for any separate always-visible export buttons.","1. The overflow (export) menu is the leftmost control in the toolbar's action area and is the application's standard overflow-menu control.
2. The menu items read, in order: ""Download (CSV)"", ""Download (PDF)"", ""Print"" (Print is the third item).
3. There are no separate always-visible export buttons — all exports live behind this one menu.",specs/sbc-sales-by-customer.md Story 14 S14-R1; S14-R2; Story 15 S15-R1; S15-R2; Story 16 S16-R1; S16-R2; Story 20 S20-R16,,
CSV download is a plain .csv file named by the active date range per the filename map,SBC — Exports,Functional,High,1. You are on the report with data.,"1. Set the range to This Month and choose ""Download (CSV)""; note the downloaded filename.
2. Repeat for at least Today, Last Quarter, and a Custom range.
3. Open a downloaded file in a text editor and in a spreadsheet.","1. The filename follows the range map: Today → sales-by-customer-today.csv; Yesterday → sales-by-customer-yesterday.csv; This Week → sales-by-customer-this_week.csv; Last Week → sales-by-customer-last_week.csv; This Month → sales-by-customer-this_month.csv; Last Month → sales-by-customer-last_month.csv; This Year → sales-by-customer-this_year.csv; Last Year → sales-by-customer-last_year.csv; This Quarter → sales-by-customer-this_quarter.csv; Last Quarter → sales-by-customer-last_quarter.csv; Custom → sales-by-customer-custom.csv.
2. For Custom the literal word ""custom"" is used — the actual start/end dates are not in the filename.
3. The file is plain comma-separated text with a .csv extension that opens as rows and columns in a spreadsheet — not an .xlsx workbook and not a JSON file.",specs/sbc-sales-by-customer.md Story 14 S14-R4; S14-R5,,
"CSV has twelve columns in exact order, is flat (customer then invoice rows), and follows the blank-cell rules",SBC — Exports,Functional,High,1. You have downloaded the CSV for a view with at least one customer with several invoices.,"1. Read the header row.
2. Read a customer row and an invoice row.
3. Look for any asset-level rows.","1. The CSV has twelve columns in this exact order: Customer, Invoice #, Date, Inv. Hrs, Labor Invoiced, Labor Margin, Parts Invoiced, Parts Margin, Shop Supplies, Margin, Margin %, Subtotal.
2. On customer rows the Invoice # and Date cells are blank.
3. On invoice rows the Customer cell is blank and the Invoice # and Date cells are filled.
4. Customer names are plain — the ""(N)"" invoice count is not included.
5. The CSV is flat — Customer then Invoice rows; the on-screen asset layer is NOT represented (this is per spec, not a defect).",specs/sbc-sales-by-customer.md Story 14 S14-R6; S14-R7; S14-R8; S14-R9; S14-R10 (context note),,
"CSV value formats: Margin % plain number, dates mm-dd-yyyy, currency plain numbers, no color",SBC — Exports,Functional,Medium,"1. You have downloaded a CSV containing rows with real values, including (if seedable) a row whose Subtotal is zero or below.","1. Read a Margin % cell, a Date cell, and a currency cell in a text editor.
2. Check the row whose Subtotal is ≤ 0.","1. Margin % is a plain number to one decimal with no percent sign (for example, 64.7); it is EMPTY when the row's Subtotal is zero or below.
2. Dates export as mm-dd-yyyy — for example, 05-14-2026.
3. Currency values are plain numbers with no dollar sign and no thousands separators.
4. The CSV has no color; the signed Inv. Hrs value still conveys direction.",specs/sbc-sales-by-customer.md Story 14 S14-R10; S14-R11; S14-R12; S14-R13,,
"CSV and PDF contain exactly the customers matching the active filters and sort, including the Customer filter selection",SBC — Exports,Functional,High,"1. Data exists across two locations, both product types, and several customers.","1. Set a specific date range, Product Type ""Service only"", one location, a two-customer selection in the Customer filter, and a Subtotal sort.
2. Download the CSV and the PDF.
3. Compare each file's contents against the on-screen rows.","1. Each export contains exactly the customers matching the active filters — the selected customers, within the active date range, Product Type, and location — in the active sort order.
2. When every customer is selected, the export contains the full set of customers under those filters.
3. The chosen date range and Product Type are reflected in both exports.",specs/sbc-sales-by-customer.md Story 2 S2-R7; Story 3 S3-R7; Story 4 S4-R10; Story 14 S14-R3; Story 15 S15-R3; Story 18 S18-R7,,
CSV action shows a loading state while exporting and a CSV export failed toast on failure,SBC — Exports,Negative,Medium,1. You are on the report with a large enough data set that the export takes a visible moment.,"1. Choose ""Download (CSV)"" and immediately look at the menu action.
2. To provoke a failure, disconnect the network (or use browser dev tools offline mode) and choose ""Download (CSV)"" again.","1. While the export is in progress, the menu's CSV action shows a loading state and is non-interactive.
2. If the export fails, an error toast is shown: ""CSV export failed."" (dismissed by the user).",specs/sbc-sales-by-customer.md Story 14 S14-E1; S14-N1; §7,,
PDF download uses the same range-based filename map with a .pdf extension,SBC — Exports,Functional,Medium,1. You are on the report with data.,"1. Set the range to This Month and choose ""Download (PDF)""; note the filename.
2. Repeat for one other preset and a Custom range.","1. The file follows the same range-to-filename map as the CSV, with a .pdf extension — for example, sales-by-customer-this_month.pdf, sales-by-customer-custom.pdf.",specs/sbc-sales-by-customer.md Story 15 S15-R4,,
PDF page is A4 landscape with 25px margins and a footer with the ShopView label and page numbers,SBC — Exports,Functional,Medium,1. You have downloaded the PDF for a view with enough rows to span more than one page.,"1. Open the PDF and check the page setup.
2. Read the footer on each page.","1. The PDF is A4 landscape with 25px margins on all sides, using the application's standard font.
2. The footer has a centered ""Software Powered by ShopView"" label and a right-aligned page number ""Page X of Y.""",specs/sbc-sales-by-customer.md Story 15 S15-R5; S15-R6,,
"PDF header shows the title, organization, date range in Mon D, YYYY form and the Product Type line; location is not shown",SBC — Exports,Functional,Medium,"1. You have downloaded the PDF with a known date range, Product Type, and a specific location selected.","1. Read the header's text block top to bottom.
2. Look for any mention of the selected location.","1. The header is two columns: a text block on the left (70% width) and the organization logo on the right (30% width).
2. The text block shows, in order: the report title ""Sales By Customer Report""; the organization name; the date range; and the filter summary line ""Product Type: {value}"" where value is ""Parts & Service,"" ""Parts only,"" or ""Service only.""
3. The header date range shows start and end in the format ""Mon D, YYYY,"" joined by an em dash — for example, ""May 1, 2026 — May 31, 2026"" — and always shows both dates (every range is bounded).
4. The location filter is NOT shown in the header; it scopes the data only.",specs/sbc-sales-by-customer.md Story 15 S15-R7; S15-R8; S15-R9; S15-R10; S15-R11,,
"PDF logo is embedded, scales without distortion, and falls back from the uploaded logo to the ShopView logo to none",SBC — Exports,Functional,Low,1. You can toggle the organization's uploaded logo on/off in administration (restore it afterwards).,"1. With an uploaded org logo, download the PDF and check the top-right.
2. Remove the uploaded logo, download again, and check.
3. Open a PDF while offline to confirm the logo still renders.","1. With an uploaded logo, that logo appears pinned to the top-right, scaled to fit its area without distortion.
2. With no uploaded logo, the bundled ShopView logo is used.
3. When no logo is available at all, the logo column is not rendered and the text column fills the full width.
4. The logo is embedded in the PDF (renders offline, not loaded from a network address).",specs/sbc-sales-by-customer.md Story 15 S15-R12; S15-R13; S15-R14; S15-R15,,
PDF body matches the CSV's twelve flat columns with on-screen date/dash/bold rules and exact Inv. Hrs colors,SBC — Exports,Functional,Medium,1. You have downloaded the PDF for a view with positive and negative Inv. Hrs values and (if seedable) a Subtotal ≤ 0 row.,"1. Read the body table's columns and row structure.
2. Check a date cell, a customer row's Date cell, a Margin % dash, the Subtotal column weight, and the Inv. Hrs colors (use a color picker on the PDF if available).","1. The body table has twelve columns in the same exact order and labels as the CSV, and is flat — Customer then Invoice rows, no asset layer.
2. Body dates show as ""Mon DD YYYY"" — for example, ""May 14 2026.""
3. The Date cell is blank on customer rows, matching the screen.
4. Margin % shows an em dash when the row's Subtotal is zero or below.
5. The Subtotal column is bold — header, every row, and the totals row.
6. Inv. Hrs uses the same signs and coloring as on screen, with green rendered as #21ba45 and red as #c10015.",specs/sbc-sales-by-customer.md Story 15 S15-R16; S15-R17; S15-R18; S15-R19; S15-R20; S15-R21,,
PDF action shows a loading state while exporting and a PDF export failed toast on failure,SBC — Exports,Negative,Medium,1. You are on the report with data.,"1. Choose ""Download (PDF)"" and immediately look at the menu action.
2. Provoke a failure (offline mode) and choose ""Download (PDF)"" again.","1. While the export is in progress, the menu's PDF action shows a loading state and is non-interactive.
2. If the export fails, an error toast is shown: ""PDF export failed."" (dismissed by the user).",specs/sbc-sales-by-customer.md Story 15 S15-E1; S15-N1; §7,,
"Print fetches the report PDF and opens the native print dialog in the current tab, disabled while the table is first loading",SBC — Exports,Functional,Medium,1. You are on the report with data fully loaded.,"1. Open the overflow menu and choose ""Print""; watch the action and the browser.
2. Cancel the print dialog and check the page behind it.
3. Reload the report and try to activate Print while the table is still in its initial loading state.
4. Provoke a failure (offline mode) and choose Print again.","1. Print fetches the report's PDF (same content as the PDF download) and then opens the browser's native print dialog in the current tab — no new browser tab is opened.
2. The page behind the print dialog is unchanged.
3. The Print action shows a loading state while the PDF is fetched and is non-interactive during that time.
4. Print is disabled while the report table is still in its initial loading state.
5. If the PDF request fails, an error toast is shown: ""PDF generation failed.""",specs/sbc-sales-by-customer.md Story 16 S16-R3; S16-R3a; S16-R3b; S16-R3c; S16-R4; S16-R5; S16-N1; §7,,
"An export over 10,000 data rows is refused with the too-large toast — no file downloads and no print dialog opens",SBC — Exports,Negative,High,"1. A filter combination exists whose customer rows plus invoice rows exceed 10,000 (widest range, all locations, all customers). If the environment cannot reach 10,000 rows even fully widened, record the max reachable and mark Blocked-Env with reason.","1. With the over-cap filter set, choose ""Download (CSV)"".
2. Choose ""Download (PDF)"".
3. Choose ""Print"".
4. Narrow the filters below the cap and re-try one export.","1. For each of CSV, PDF, and Print: no file is generated, no download starts, and no print dialog opens.
2. An error toast is shown each time: ""This export is too large to generate. Narrow the date range or filters, then try again."" (dismissed by the user).
3. The cap counts customer rows plus invoice rows (not the header or totals row) against the active date range, Product Type, location, Customer filter, and sort.
4. Below the cap the export succeeds normally.",specs/sbc-sales-by-customer.md Story 14 S14-R14; Story 15 S15-R22; Story 16 S16-R6; §7,,
"Exporting with no matching customers still downloads a file with headers and a zero totals row, with no warning",SBC — Exports,Functional,Medium,"1. The Customer filter selection is empty (""Clear all"") or the filters otherwise match no customers.","1. Choose ""Download (CSV)"" and open the file.
2. Choose ""Download (PDF)"" and open the file.","1. The export still downloads — no error and no warning is shown.
2. The file contains the column headers and a totals row of zeros, with no data rows.",specs/sbc-sales-by-customer.md Story 18 S18-R10,,
"Filters, sort and visible columns are saved and restored on the next visit, shown immediately without a default flash",SBC — Saved View & Persistence,Functional,Critical,1. You are on the report in a browser you can revisit.,"1. Set a non-default date range, Product Type, location selection, a two-customer Customer selection, a non-default sort, and hide one column.
2. Navigate away to another part of the application, then return to the report.
3. Watch the report as it loads.","1. The saved view is restored: the date range, the Product Type, the location selection, the Customer filter selection, the sort column and direction, and the visible columns.
2. On load, the report shows the restored view immediately — the default view is never shown first and then replaced.",specs/sbc-sales-by-customer.md Story 6 S6-R1; S6-R2; S6-R4; Story 2 S2-R8; Story 3 S3-R8; Story 4 S4-R11; Story 10 S10-R9; Story 13 S13-R8,,
"Type-ahead search text, expansion state and scroll position are not saved; a reload clears all expansion",SBC — Saved View & Persistence,Functional,Medium,1. You are on the report with data.,"1. Type a query in the Customer filter (without changing the selection), expand two customers, and scroll down the table.
2. Reload the browser page.
3. Check the Customer filter field, the rows, and the scroll position.","1. The type-ahead search text is gone (only the resulting customer selection is saved).
2. All rows are collapsed — reloading clears all expansion state.
3. The scroll position is not restored.
4. This is the specified behavior (expansion is treated as fresh each visit), not a defect.",specs/sbc-sales-by-customer.md Story 6 S6-R3; Story 8 S8-R22,,
A saved value that is no longer valid is discarded and that setting falls back to its default,SBC — Saved View & Persistence,Functional,Medium,"1. You have a saved view that includes a specific location selection.
2. An administrator then removes your access to that location (restore afterwards).","1. Return to the report after the access change.
2. Read the location filter and the report data.","1. The stale saved location is discarded and the location setting uses its default (your active location) instead.
2. No error appears and the report loads normally.
3. Per the spec, the same discard-to-default applies to an unknown date range, a sort column that no longer exists, or a column set that does not match the current columns.",specs/sbc-sales-by-customer.md Story 6 S6-R5; S6-R6,,
The saved view is specific to this report and does not affect any other report,SBC — Saved View & Persistence,Functional,Medium,1. You have set a distinctive saved view on Sales By Customer (for example Last Year + Parts only).,"1. Open another report in the Reports suite and read its filters.
2. Return to Sales By Customer.","1. The other report keeps its own defaults/saved view — the Sales By Customer settings do not leak into it.
2. Sales By Customer still restores its own saved view.",specs/sbc-sales-by-customer.md Story 6 S6-R7,,
With no saved view every setting uses its own default,SBC — Saved View & Persistence,Functional,Medium,1. Clear the browser's site data for the application (or use a fresh browser profile).,"1. Open the Sales By Customer report.
2. Read every filter, the sort, and the visible columns.","1. Date range = This Month.
2. Product Type = ""Parts & Service.""
3. Location = your active location.
4. Customer filter = all customers selected (label ""All customers"").
5. Sort = Customer name ascending.
6. All nine toggleable columns visible.",specs/sbc-sales-by-customer.md Story 6 S6-N1,,
"When both a saved view and a page-link range exist, the saved view wins and the link value is ignored",SBC — Saved View & Persistence,Functional,Medium,"1. You have a saved view with a known date range (for example Last Month).
2. You have a page link carrying a DIFFERENT date range (for example This Year), captured earlier.","1. Open the report using the link with the different range.
2. Read the date range picker.","1. The saved view is applied (Last Month) and the link value is ignored.
2. This is intentional: a shared link restores the sender's range only for a recipient who has no saved range of their own.",specs/sbc-sales-by-customer.md Story 2 S2-R9,,
Customer filter restore: the all-customers state restores as all (including new customers); an id set is intersected and never forces an empty view,SBC — Saved View & Persistence,Functional,Medium,"1. Scenario A: leave the report in the all-customers state, then seed a NEW ZZAUTOTEST customer with an invoice in range.
2. Scenario B: leave the report with two specific customers selected, then remove one of those customers' matching data (or shift the range so one no longer matches).","1. Scenario A: return to the report and check the filter state and rows.
2. Scenario B: return to the report and check the selection and rows.","1. Scenario A: the filter restores to the all-customers state and the report shows every present customer — including the customer that appeared since the state was saved.
2. Scenario B: still-present saved ids are re-selected; a saved id no longer present is dropped (a stale saved id never forces an empty view); a customer that appeared since the set was saved is NOT auto-selected.",specs/sbc-sales-by-customer.md Story 18 S18-R8,,
No matching data shows the empty-state message in the table body while the toolbar stays interactive,SBC — Empty & Edge States,Functional,High,1. You are on the report with data on screen.,"1. Set a date range that contains no invoices (for example a Custom range over a quiet week far back).
2. Read the table body and try each toolbar control.
3. Also provoke the empty state via Product Type and via a location with no data, and re-check.
4. Look at the table header row's chevron.","1. The table body shows the message ""No sales data found for the selected filters."" where customer rows would appear — not in the toolbar, the totals row, or a modal.
2. The toolbar stays visible and interactive (all filters including the Customer filter, and the action controls), so you can adjust filters without leaving the page.
3. The same empty state appears whichever filter caused it (date range, Product Type, or location).
4. The header-row chevron is hidden when the table has no visible rows.",specs/sbc-sales-by-customer.md Story 17 S17-R1; S17-R2; S17-R3; Story 2 S2-N1; Story 3 S3-N1; Story 4 S4-N2; Story 8 S8-N1,,
The empty-state message never appears while the table is still loading,SBC — Empty & Edge States,Negative,Medium,1. You are on the report; a slow network helps (throttle via browser dev tools if needed).,"1. Change a filter and watch the table area during the load.
2. Watch what appears once loading finishes with zero customers.","1. While the table is loading, the empty-state message is NOT shown (the loading state is shown instead).
2. The message appears only after the table finishes its initial loading and shows zero customers.",specs/sbc-sales-by-customer.md Story 17 S17-N1,,
A narrowed customer selection with no data shows the empty state but the selection is kept and the customers reappear,SBC — Empty & Edge States,Functional,Medium,1. The Customer filter is narrowed to specific customers who have data in the current range but none in an adjacent range.,"1. Change the date range so that none of the selected customers have data.
2. Read the table and the Customer filter.
3. Change the range back.","1. The empty-state message is shown.
2. The Customer filter selection is kept (not cleared).
3. When the filters change back to a range where the selected customers have data, they reappear.",specs/sbc-sales-by-customer.md Story 17 S17-E1,,
A failed data fetch shows the fetching-error toast which auto-fades after 5 seconds,SBC — Empty & Edge States,Negative,Medium,1. You can interrupt the network (browser dev tools offline mode).,"1. Go offline, then open the report (or change a filter to force a re-fetch).
2. Read the toast and time how long it stays.","1. An error toast is shown: ""An error occurred while fetching the report data.""
2. The toast auto-fades after 5 seconds.",specs/sbc-sales-by-customer.md §7 User Feedback Summary,,
"Page and toolbar match the suite theme: paddings, surfaces, alignment, separator, arrow size and square corners",SBC — Visual Conformance,Functional,Medium,1. You are on the report in light mode on a desktop browser with dev tools available.,"1. Inspect the page background, toolbar surface, and paddings with dev tools.
2. Check the toolbar's position against the top of the page and the table against the side edges.
3. Compare the title's left edge and the action cluster's right edge with the leftmost/rightmost data-cell positions.
4. Check the line between the toolbar and the headers, the date-range picker's dropdown arrow size, the table corners, and the outermost cell paddings.","1. The page has no padding; the page background is the standard blue-grey (#f9fafb in light mode).
2. The toolbar surface is white (#ffffff); its padding is 32px top, 24px bottom, and 2rem left and right; it touches the top of the page with no gap, and the table reaches the left and right edges next to the side navigation.
3. The left edge of the title and the right edge of the action cluster line up with the leftmost and rightmost data-cell positions.
4. A 1px horizontal line in the standard table-header border color separates the toolbar from the column headers.
5. The date-range picker's dropdown arrow is 24px, the same size as the other filter dropdown arrows.
6. The table has no rounded corners; the leftmost cell (header, body, totals) has 2rem left padding and the rightmost cell 2rem right padding.
7. When the table content does not fill the viewport, the blue-grey page background shows through below the table — no white strip.",specs/sbc-sales-by-customer.md Story 20 S20-R1; S20-R2; S20-R3; S20-R4; S20-R5; S20-R6; S20-R7; S20-R12; S20-R13; S20-R15; S20-R17,,
"Row surfaces alternate by tree level: white header/customer/totals rows, blue-grey asset/invoice rows, pinned Subtotal matching its row",SBC — Visual Conformance,Functional,Medium,1. You are on the report in light mode with a customer expanded down to invoice rows.,"1. Inspect the background of the header cells, a customer row, an asset row, an invoice row, and the totals row.
2. Check the pinned Subtotal cell's background on each row type.
3. Check the tree indentation levels.","1. Column-header cells and customer summary rows use the white surface (#ffffff).
2. Asset rows and invoice rows use the blue-grey background (#f9fafb).
3. The totals row uses the white surface with a top border and bold text (white on purpose, matching Technician Efficiency).
4. The pinned Subtotal cell on any row uses that row's own background — never a contrasting strip.
5. The three tree levels show by indentation: customer at the base, asset rows one level in (chevron and vehicle icon sit in from the customer), invoice rows one level deeper.",specs/sbc-sales-by-customer.md Story 20 S20-R8; S20-R9; S20-R10; S20-R11; S20-R14,,
Dark mode swaps every surface for its dark equivalent while the PDF always renders in light-mode colors,SBC — Visual Conformance,Functional,Medium,1. You can switch the application to dark mode.,"1. Switch to dark mode and review the page background, toolbar, header cells, customer rows, asset/invoice rows, and totals row.
2. While still in dark mode, download the PDF and open it.","1. In dark mode every visual rule applies with the dark equivalent of each color (dark background, dark surfaces).
2. The PDF export always renders in light-mode colors regardless of the user's app mode.",specs/sbc-sales-by-customer.md Story 20 S20-R18,,
On a phone every toolbar control works on touch and below 1024px the toolbar splits into two rows,SBC — Mobile,Functional,Medium,1. You open the report on a phone-sized viewport (real device or browser device emulation).,"1. Try each toolbar control by touch: date range, Product Type, the Customer filter, location, the overflow menu, and the column selector.
2. At a width below 1024px, look at the toolbar rows.
3. Widen the window to 1024px or more and look again.","1. Every toolbar control is visible and works on touch.
2. Below 1024px the toolbar uses two rows: the action controls (overflow menu and column selector) on the first row, and the filter dropdowns on the second row, stacked at full width.
3. At 1024px and above the toolbar uses the desktop single-row layout.",specs/sbc-sales-by-customer.md Story 21 S21-R1; S21-R2; S21-R3,,
"On touch the table scrolls sideways with the Subtotal pinned, chevrons toggle, and invoice links open in the same tab",SBC — Mobile,Functional,Medium,1. You are on the report on a phone-sized viewport with data.,"1. Swipe the table sideways to reach the far columns.
2. Tap a customer chevron and an asset chevron.
3. Tap an invoice number link.","1. The data table scrolls sideways to show all columns, and the pinned Subtotal column stays visible during that scroll.
2. The chevron expand and collapse control on each row works on touch.
3. The invoice number link opens the invoice in the same tab, the same as on desktop.",specs/sbc-sales-by-customer.md Story 21 S21-R4; S21-R5; S21-R6,,
"A customer's asset and invoice rows are fetched from the server only on first expand, and expand-all fetches at most one request per visible customer",SBC — API,Functional,Medium,"1. You are on the report with several customers, with the browser's network activity panel open.","1. Load the report and note the requests made for the summary rows.
2. Expand one customer for the first time and watch the network panel.
3. Collapse and re-expand the same customer without changing filters.
4. Use the header chevron's expand-all and count the drill-down requests.","1. Customer summary rows load WITHOUT the asset/invoice detail — the drill-down data is not preloaded.
2. The first expand of a customer triggers a server fetch for that customer's asset and invoice rows.
3. Expand-all triggers at most one drill-down fetch per not-yet-expanded customer on the current page — a bounded number never exceeding the page size; it does not fetch customers beyond the current page or the whole result set.",specs/sbc-sales-by-customer.md Story 8 S8-R14; S8-R16,,
Sorting is applied on the server: a header click re-fetches the customer rows ordered by that column as a fresh first page,SBC — API,Functional,Medium,1. Enough customers exist to span more than one page; the browser's network panel is open.,"1. Click a column header and watch the network panel.
2. Compare the returned first page with the previous page contents.","1. Clicking a column header issues a server request that returns the customer rows ordered by that column.
2. The full filtered set is re-ordered and re-paginated on the server — the response is the first page of results in the new order, so page membership can change.
3. The ordering is not done by re-shuffling rows already in the browser.",specs/sbc-sales-by-customer.md Story 10 S10-R8; S10-R8b,,
The Customer filter's type-ahead fetches matching customers from the server per query instead of loading the full list up front,SBC — API,Functional,Medium,1. You are on the report with the browser's network panel open.,"1. Open the Customer filter WITHOUT typing and check whether a full customer list was downloaded.
2. Type a query and watch the network panel.
3. Change the query and watch again.","1. The dropdown does not load the full customer list into the browser up front.
2. As you type, the browser fetches matching customers from the server — case-insensitive ""contains"" matching on the name, scoped to the active date range, Product Type, and location — and lists the returned customers.
3. The all-customers state is stored as an explicit state (a flag), not an enumeration of the fetched ids.",specs/sbc-sales-by-customer.md Story 18 S18-R2; S18-R4,,
Customer rows are server-paginated and the totals row is server-computed over the full filtered set,SBC — API,Functional,Medium,1. Enough customers exist to span more than one page; the browser's network panel is open.,"1. Load the report and inspect the summary-row response and the totals values.
2. Change the Customer filter selection and watch the requests.
3. Move between pages and watch the totals.","1. Customer rows arrive page by page from the server (server-paginated), not as one full client-side list.
2. Changing the Customer selection re-fetches the matching customers as a fresh first page.
3. The totals are computed on the server over the full set of matching customers — they arrive with the data and do not change as you page.",specs/sbc-sales-by-customer.md Story 18 S18-R6; S18-R11,,
"Exports are generated on the server and the 10,000-row cap is counted server-side before any file is produced",SBC — API,Functional,Medium,1. The browser's network panel is open; an over-cap filter combination is available if the environment allows.,"1. Trigger ""Download (CSV)"" and ""Download (PDF)"" and observe where the file content comes from.
2. If an over-cap set is available, trigger an export and observe the server's refusal.","1. The CSV and PDF are generated on the server from the active date range, Product Type, location, Customer filter, and sort — not assembled from the rows already loaded in the browser.
2. Over the cap, the server does not generate the file (the request comes back as a refusal, not a file) and the browser starts no download — the count the cap checks is the count the file would contain, against the same filters and sort as the screen.",specs/sbc-sales-by-customer.md Story 14 S14-R3; S14-R14; Story 15 S15-R3; S15-R22; Story 16 S16-R6,,
